{
 "cells": [
  {
   "cell_type": "code",
   "execution_count": 1,
   "metadata": {},
   "outputs": [],
   "source": [
    "from src.alg import solve_nd, sample\n",
    "from src.alg import A as gen_A\n",
    "import numpy as np"
   ]
  },
  {
   "cell_type": "code",
   "execution_count": 2,
   "metadata": {},
   "outputs": [],
   "source": [
    "n = 10\n",
    "k = 1/100\n",
    "\n",
    "\n",
    "def F(x,y):\n",
    "    return np.exp(-50 * ((x - 1/2)**2 + (y - 1/2)**2))\n",
    "\n",
    "f = sample(F, n)"
   ]
  },
  {
   "cell_type": "code",
   "execution_count": 3,
   "metadata": {},
   "outputs": [],
   "source": [
    "A = gen_A(k, n)"
   ]
  },
  {
   "cell_type": "code",
   "execution_count": 5,
   "metadata": {},
   "outputs": [
    {
     "data": {
      "text/plain": [
       "array([-0.04408661, -0.08826917, -0.1310651 , -0.1678355 , -0.19029929,\n",
       "       -0.19029929, -0.1678355 , -0.1310651 , -0.08826917, -0.04408661,\n",
       "       -0.08826917, -0.17829319, -0.26867039, -0.35059621, -0.40373332,\n",
       "       -0.40373332, -0.35059621, -0.26867039, -0.17829319, -0.08826917,\n",
       "       -0.1310651 , -0.26867039, -0.41570383, -0.56320482, -0.67115247,\n",
       "       -0.67115247, -0.56320482, -0.41570383, -0.26867039, -0.1310651 ,\n",
       "       -0.1678355 , -0.35059621, -0.56320482, -0.81176482, -1.03023657,\n",
       "       -1.03023657, -0.81176482, -0.56320482, -0.35059621, -0.1678355 ,\n",
       "       -0.19029929, -0.40373332, -0.67115247, -1.03023657, -1.39627453,\n",
       "       -1.39627453, -1.03023657, -0.67115247, -0.40373332, -0.19029929,\n",
       "       -0.19029929, -0.40373332, -0.67115247, -1.03023657, -1.39627453,\n",
       "       -1.39627453, -1.03023657, -0.67115247, -0.40373332, -0.19029929,\n",
       "       -0.1678355 , -0.35059621, -0.56320482, -0.81176482, -1.03023657,\n",
       "       -1.03023657, -0.81176482, -0.56320482, -0.35059621, -0.1678355 ,\n",
       "       -0.1310651 , -0.26867039, -0.41570383, -0.56320482, -0.67115247,\n",
       "       -0.67115247, -0.56320482, -0.41570383, -0.26867039, -0.1310651 ,\n",
       "       -0.08826917, -0.17829319, -0.26867039, -0.35059621, -0.40373332,\n",
       "       -0.40373332, -0.35059621, -0.26867039, -0.17829319, -0.08826917,\n",
       "       -0.04408661, -0.08826917, -0.1310651 , -0.1678355 , -0.19029929,\n",
       "       -0.19029929, -0.1678355 , -0.1310651 , -0.08826917, -0.04408661])"
      ]
     },
     "execution_count": 5,
     "metadata": {},
     "output_type": "execute_result"
    }
   ],
   "source": [
    "solve_nd(A, f)"
   ]
  }
 ],
 "metadata": {
  "kernelspec": {
   "display_name": "Python 3",
   "language": "python",
   "name": "python3"
  },
  "language_info": {
   "codemirror_mode": {
    "name": "ipython",
    "version": 3
   },
   "file_extension": ".py",
   "mimetype": "text/x-python",
   "name": "python",
   "nbconvert_exporter": "python",
   "pygments_lexer": "ipython3",
   "version": "3.6.7"
  }
 },
 "nbformat": 4,
 "nbformat_minor": 2
}
